#Distance - Time Measurement: 30cycle/seconds
# Time, Distance
0.63,100.0
0.63,100.0
0.63,100.0
0.63,100.0
0.63,100.0
0.63,100.0
0.63,100.0
0.63,100.0
0.63,100.0
0.63,100.0
0.63,100.0
0.63,100.0
0.63,100.0
0.63,100.0
0.63,100.0
0.63,100.0
0.63,100.0
0.64,100.0
0.64,100.0
0.64,100.0
0.64,100.0
0.64,100.0
0.64,100.0
0.64,100.0
0.64,100.0
0.64,100.0
0.64,100.0
0.64,100.0
0.64,100.0
0.64,100.0
0.64,100.0
0.64,100.0
0.64,100.0
0.64,100.0
0.64,100.0
0.64,100.0
0.64,100.0
0.64,100.0
0.64,100.0
0.64,100.0
0.64,100.0
0.64,100.0
0.64,100.0
0.64,100.0
0.64,100.0
0.64,100.0
0.64,100.0
0.65,100.0
0.65,100.0
0.65,100.0
0.65,100.0
0.65,100.0
0.65,100.0
0.65,100.0
0.65,100.0
0.65,100.0
0.65,100.0
0.65,100.0
0.65,100.0
0.65,100.0
0.65,100.0
0.65,100.0
0.65,100.0
0.65,100.0
0.65,100.0
0.65,100.0
0.65,100.0
0.65,100.0
0.65,100.0
0.65,100.0
0.65,100.0
0.65,100.0
0.65,100.0
0.65,100.0
0.65,100.0
0.65,100.0
0.66,100.0
0.66,100.0
0.66,100.0
0.66,100.0
0.66,100.0
0.66,100.0
0.66,100.0
0.66,100.0
0.66,100.0
0.66,100.0
0.66,100.0
0.66,100.0
0.66,100.0
0.66,100.0
0.66,100.0
0.66,100.0
0.66,100.0
0.66,100.0
0.66,100.0
0.66,100.0
0.66,100.0
0.66,100.0
0.66,100.0
0.66,100.0
0.66,100.0
0.66,100.0
0.66,100.0
0.66,100.0
0.66,100.0
0.67,100.0
0.67,100.0
0.67,100.0
0.67,100.0
0.67,100.0
0.67,100.0
0.67,100.0
0.67,100.0
0.67,100.0
0.67,100.0
0.67,100.0
0.67,100.0
0.67,100.0
0.67,100.0
0.67,100.0
0.67,100.0
0.67,100.0
0.67,100.0
0.67,100.0
0.67,100.0
0.67,100.0
0.67,100.0
0.67,100.0
0.67,100.0
0.67,100.0
0.67,100.0
0.67,100.0
0.67,100.0
0.67,100.0
0.68,100.0
0.68,100.0
0.68,100.0
0.68,100.0
0.68,100.0
0.68,100.0
0.68,100.0
0.68,100.0
0.68,100.0
0.68,100.0
0.68,100.0
0.68,100.0
0.68,100.0
0.68,100.0
0.68,100.0
0.68,100.0
0.68,100.0
0.68,100.0
0.68,100.0
0.68,100.0
0.68,100.0
0.68,100.0
0.68,100.0
0.68,100.0
0.68,100.0
0.68,100.0
0.68,100.0
0.68,100.0
0.68,100.0
0.69,100.0
0.69,100.0
0.69,100.0
0.69,100.0
0.69,100.0
0.69,100.0
0.69,100.0
0.69,100.0
0.69,100.0
0.69,100.0
0.69,100.0
0.69,100.0
0.69,100.0
0.69,100.0
0.69,100.0
0.69,100.0
0.69,100.0
0.69,100.0
0.69,100.0
0.69,100.0
0.69,100.0
0.69,100.0
0.69,100.0
0.69,100.0
0.69,100.0
0.69,100.0
0.7,100.0
0.7,100.0
0.7,100.0
0.7,100.0
0.7,100.0
0.7,100.0
0.7,100.0
0.7,100.0
0.7,100.0
0.7,100.0
0.7,100.0
0.7,100.0
0.7,100.0
0.7,100.0
0.7,100.0
0.7,100.0
0.7,100.0
0.7,100.0
0.7,100.0
0.7,100.0
0.7,100.0
0.7,100.0
0.7,100.0
0.7,100.0
0.7,100.0
0.7,100.0
0.71,100.0
0.71,100.0
0.71,100.0
0.71,100.0
0.71,100.0
0.71,100.0
0.71,100.0
0.71,100.0
0.71,100.0
0.71,100.0
0.71,100.0
0.71,100.0
0.71,100.0
0.71,100.0
0.71,100.0
0.71,100.0
0.71,100.0
0.71,100.0
0.71,100.0
0.71,100.0
0.71,100.0
0.71,100.0
0.71,100.0
0.71,100.0
0.71,100.0
0.71,100.0
0.72,100.0
0.72,100.0
0.72,100.0
0.72,100.0
0.72,100.0
0.72,100.0
0.72,100.0
0.72,100.0
0.72,100.0
0.72,100.0
0.72,100.0
0.72,100.0
0.72,100.0
0.72,100.0
0.72,100.0
0.72,100.0
0.72,100.0
0.72,100.0
0.72,100.0
0.72,100.0
0.72,100.0
0.72,100.0
0.72,100.0
0.72,100.0
0.72,100.0
0.73,100.0
0.73,100.0
0.73,100.0
0.73,100.0
0.73,100.0
0.73,100.0
0.73,100.0
0.73,100.0
0.73,100.0
0.73,100.0
0.73,100.0
0.73,100.0
0.73,100.0
0.73,100.0
0.73,100.0
0.73,100.0
0.73,100.0
0.73,100.0
0.73,100.0
0.73,100.0
0.73,100.0
0.73,100.0
0.73,100.0
0.73,100.0
0.73,100.0
0.73,100.0
0.74,100.0
0.74,100.0
0.74,100.0
0.74,100.0
0.74,100.0
0.74,100.0
0.74,100.0
0.74,100.0
0.74,100.0
0.74,100.0
0.74,100.0
0.74,100.0
0.74,100.0
0.74,100.0
0.74,100.0
0.74,100.0
0.74,100.0
0.74,100.0
0.74,100.0
0.74,100.0
0.74,100.0
0.74,100.0
0.74,100.0
0.74,100.0
0.74,100.0
0.74,100.0
0.75,100.0
0.75,100.0
0.75,100.0
0.75,100.0
0.75,100.0
0.75,100.0
0.75,100.0
0.75,100.0
0.75,100.0
0.75,100.0
0.75,100.0
0.75,100.0
0.75,100.0
0.75,100.0
0.75,100.0
0.75,100.0
0.75,100.0
0.75,100.0
0.75,100.0
0.75,100.0
0.75,100.0
0.75,100.0
0.75,100.0
0.75,100.0
0.75,100.0
0.75,100.0
0.76,100.0
0.76,100.0
0.76,100.0
0.76,100.0
0.76,100.0
0.76,100.0
0.76,100.0
0.76,100.0
0.76,100.0
0.76,100.0
0.76,100.0
0.77,100.0
0.77,100.0
0.77,100.0
0.77,100.0
0.77,100.0
0.77,100.0
0.77,100.0
0.78,100.0
0.78,100.0
0.78,100.0
0.78,100.0
0.78,100.0
0.78,100.0
0.78,100.0
0.78,100.0
0.78,100.0
0.78,100.0
0.78,100.0
0.78,100.0
0.78,100.0
0.78,100.0
0.78,100.0
0.79,100.0
0.79,100.0
0.79,100.0
0.79,100.0
0.79,100.0
0.79,100.0
0.79,100.0
0.79,100.0
0.79,100.0
0.8,100.0
0.8,100.0
0.8,100.0
0.8,100.0
0.8,100.0
0.8,100.0
0.8,100.0
0.8,100.0
0.8,100.0
0.8,100.0
0.8,100.0
0.8,100.0
0.8,100.0
0.8,100.0
0.8,100.0
0.8,100.0
0.8,100.0
0.8,100.0
0.8,100.0
0.8,100.0
0.8,100.0
0.8,100.0
0.8,100.0
0.8,100.0
0.81,100.0
0.81,100.0
0.81,100.0
0.81,100.0
0.81,100.0
0.81,100.0
0.87,100.0
0.88,100.0
0.88,100.0
0.88,100.0
0.88,100.0
0.88,100.0
0.88,100.0
0.88,100.0
0.88,100.0
0.88,100.0
0.88,100.0
0.88,100.0
0.88,100.0
0.88,100.0
0.88,100.0
0.88,100.0
0.88,100.0
0.88,100.0
0.88,100.0
0.89,100.0
0.89,100.0
0.89,100.0
0.89,100.0
0.89,100.0
0.89,100.0
0.89,100.0
0.89,100.0
0.89,100.0
0.89,100.0
0.89,100.0
0.89,100.0
0.89,100.0
0.89,100.0
0.89,100.0
0.89,100.0
0.89,100.0
0.89,100.0
0.9,100.0
0.9,100.0
1.02,100.0
1.02,100.0
1.02,100.0
1.02,100.0
1.02,100.0
1.02,100.0
1.02,100.0
1.02,100.0
1.02,100.0
1.02,100.0
1.02,100.0
1.02,100.0
1.02,100.0
1.02,100.0
1.02,100.0
1.02,100.0
1.02,100.0
1.02,100.0
1.02,100.0
1.03,100.0
1.03,100.0
1.03,100.0
1.03,100.0
1.03,100.0
1.03,100.0
1.03,100.0
1.03,100.0
1.03,100.0
1.03,100.0
1.03,100.0
1.03,100.0
1.03,100.0
1.03,100.0
1.03,100.0
1.03,100.0
1.03,100.0
1.03,100.0
1.03,100.0
1.03,100.0
1.12,100.0
1.12,100.0
1.12,100.0
1.12,100.0
1.12,100.0
1.12,100.0
1.12,100.0
1.12,100.0
1.12,100.0
1.13,100.0
1.13,100.0
1.13,100.0
1.13,100.0
1.13,100.0
1.13,100.0
1.13,100.0
1.13,100.0
1.13,100.0
1.13,100.0
1.13,100.0
1.13,100.0
1.13,100.0
1.13,100.0
1.13,100.0
1.13,100.0
1.13,100.0
1.13,100.0
1.13,100.0
1.13,100.0
1.13,100.0
1.13,100.0
1.13,100.0
1.13,100.0
1.13,100.0
1.13,100.0
1.13,100.0
1.13,100.0
1.13,100.0
1.14,100.0
1.2,100.0
1.2,100.0
1.2,100.0
1.2,100.0
1.2,100.0
1.2,100.0
1.2,100.0
1.2,100.0
1.2,100.0
1.2,100.0
1.2,100.0
1.2,100.0
1.2,100.0
1.2,100.0
1.2,100.0
1.2,100.0
1.2,100.0
1.2,100.0
1.2,100.0
1.21,100.0
1.21,100.0
1.21,100.0
1.21,100.0
1.21,100.0
1.21,100.0
1.21,100.0
1.21,100.0
1.21,100.0
1.21,100.0
1.21,100.0
1.21,100.0
1.21,100.0
1.21,100.0
1.21,100.0
1.21,100.0
1.21,100.0
1.21,100.0
1.21,100.0
1.22,100.0
1.3,100.0
1.31,100.0
1.31,100.0
1.31,100.0
1.31,100.0
1.31,100.0
1.31,100.0
1.31,100.0
1.31,100.0
1.31,100.0
1.31,100.0
1.31,100.0
1.31,100.0
1.31,100.0
1.31,100.0
1.31,100.0
1.31,100.0
1.31,100.0
1.31,100.0
1.31,100.0
1.31,100.0
1.31,100.0
1.31,100.0
1.31,100.0
1.31,100.0
1.32,100.0
1.32,100.0
1.32,100.0
1.32,100.0
1.32,100.0
1.32,100.0
1.32,100.0
1.32,100.0
1.32,100.0
1.32,100.0
1.32,100.0
1.32,100.0
1.32,100.0
1.32,100.0
1.41,100.0
1.41,100.0
1.41,100.0
1.41,100.0
1.41,100.0
1.41,100.0
1.41,100.0
1.41,100.0
1.41,100.0
1.41,100.0
1.41,100.0
1.41,100.0
1.41,100.0
1.41,100.0
1.41,100.0
1.41,100.0
1.41,100.0
1.41,100.0
1.41,100.0
1.41,100.0
1.41,100.0
1.41,100.0
1.41,100.0
1.41,100.0
1.42,100.0
1.42,100.0
1.42,100.0
1.42,100.0
1.42,100.0
1.42,100.0
1.42,100.0
1.42,100.0
1.42,100.0
1.42,100.0
1.42,100.0
1.42,100.0
1.42,100.0
1.42,100.0
1.42,100.0
1.54,97.52
1.54,97.52
1.54,97.52
1.54,97.52
1.54,97.52
1.54,97.52
1.55,97.52
1.55,97.52
1.55,97.52
1.55,97.52
1.55,97.52
1.55,97.52
1.55,97.52
1.55,97.52
1.55,97.52
1.55,97.52
1.55,97.52
1.55,97.52
1.55,97.52
1.55,97.52
1.55,97.52
1.55,97.52
1.55,97.52
1.55,97.52
1.55,97.52
1.55,97.52
1.55,97.52
1.55,97.52
1.55,97.52
1.55,97.52
1.55,97.52
1.55,97.52
1.55,97.52
1.55,97.52
1.56,97.52
1.56,97.52
1.56,97.52
1.56,97.52
1.56,97.52
1.62,95.64
1.62,95.64
1.62,95.64
1.62,95.64
1.62,95.64
1.62,95.64
1.62,95.64
1.62,95.64
1.62,95.64
1.62,95.64
1.62,95.64
1.62,95.64
1.62,95.64
1.62,95.64
1.62,95.64
1.62,95.64
1.62,95.64
1.62,95.64
1.62,95.64
1.62,95.64
1.63,95.64
1.63,95.64
1.63,95.64
1.63,95.64
1.63,95.64
1.63,95.64
1.63,95.64
1.63,95.64
1.63,95.64
1.63,95.64
1.63,95.64
1.63,95.64
1.63,95.64
1.63,95.64
1.63,95.64
1.63,95.64
1.63,95.64
1.63,95.64
1.63,95.64
1.72,92.36
1.72,92.36
1.72,92.36
1.72,92.36
1.72,92.36
1.72,92.36
1.72,92.36
1.72,92.36
1.72,92.36
1.72,92.36
1.73,92.36
1.73,92.36
1.73,92.36
1.73,92.36
1.73,92.36
1.73,92.36
1.73,92.36
1.73,92.36
1.73,92.36
1.73,92.36
1.73,92.36
1.73,92.36
1.73,92.36
1.73,92.36
1.73,92.36
1.73,92.36
1.73,92.36
1.73,92.36
1.73,92.36
1.73,92.36
1.73,92.36
1.73,92.36
1.73,92.36
1.73,92.36
1.74,92.36
1.74,92.36
1.74,92.36
1.74,92.36
1.74,92.36
1.83,88.83
1.83,88.83
1.83,88.83
1.83,88.83
1.83,88.83
1.83,88.83
1.83,88.83
1.83,88.83
1.83,88.83
1.84,88.83
1.84,88.83
1.84,88.83
1.84,88.83
1.84,88.83
1.84,88.83
1.84,88.83
1.84,88.83
1.84,88.83
1.84,88.83
1.84,88.83
1.84,88.83
1.84,88.83
1.84,88.83
1.84,88.83
1.84,88.83
1.84,88.83
1.84,88.83
1.84,88.83
1.84,88.83
1.84,88.83
1.84,88.83
1.84,88.83
1.84,88.83
1.84,88.83
1.84,88.83
1.84,88.83
1.84,88.83
1.85,88.83
1.85,88.83
1.91,85.49
1.91,85.49
1.91,85.49
1.91,85.49
1.91,85.49
1.91,85.49
1.91,85.49
1.91,85.49
1.91,85.49
1.91,85.49
1.91,85.49
1.91,85.49
1.91,85.49
1.91,85.49
1.91,85.49
1.91,85.49
1.91,85.49
1.91,85.49
1.91,85.49
1.92,85.49
1.92,85.49
1.92,85.49
1.92,85.49
1.92,85.49
1.92,85.49
1.92,85.49
1.92,85.49
1.92,85.49
1.92,85.49
1.92,85.49
1.92,85.49
1.92,85.49
1.92,85.49
1.92,85.49
1.92,85.49
1.93,85.49
1.93,85.49
1.93,85.49
1.93,85.49
2.02,81.53
2.02,81.53
2.02,81.53
2.02,81.53
2.02,81.53
2.02,81.53
2.02,81.53
2.02,81.53
2.02,81.53
2.02,81.53
2.02,81.53
2.02,81.53
2.02,81.53
2.02,81.53
2.02,81.53
2.02,81.53
2.02,81.53
2.02,81.53
2.02,81.53
2.02,81.53
2.02,81.53
2.02,81.53
2.02,81.53
2.02,81.53
2.02,81.53
2.02,81.53
2.02,81.53
2.03,81.53
2.03,81.53
2.03,81.53
2.03,81.53
2.03,81.53
2.03,81.53
2.03,81.53
2.03,81.53
2.03,81.53
2.03,81.53
2.03,81.53
2.03,81.53
2.11,77.47
2.11,77.47
2.11,77.47
2.11,77.47
2.12,77.47
2.12,77.47
2.12,77.47
2.12,77.47
2.12,77.47
2.12,77.47
2.12,77.47
2.12,77.47
2.12,77.47
2.12,77.47
2.12,77.47
2.12,77.47
2.12,77.47
2.12,77.47
2.12,77.47
2.12,77.47
2.12,77.47
2.12,77.47
2.12,77.47
2.12,77.47
2.12,77.47
2.12,77.47
2.12,77.47
2.12,77.47
2.12,77.47
2.12,77.47
2.12,77.47
2.13,77.47
2.13,77.47
2.13,77.47
2.13,77.47
2.13,77.47
2.13,77.47
2.13,77.47
2.13,77.47
2.22,72.31
2.22,72.31
2.22,72.31
2.22,72.31
2.22,72.31
2.22,72.31
2.22,72.31
2.22,72.31
2.22,72.31
2.22,72.31
2.22,72.31
2.22,72.31
2.22,72.31
2.22,72.31
2.22,72.31
2.22,72.31
2.22,72.31
2.22,72.31
2.22,72.31
2.22,72.31
2.23,72.31
2.23,72.31
2.23,72.31
2.23,72.31
2.23,72.31
2.23,72.31
2.23,72.31
2.23,72.31
2.23,72.31
2.23,72.31
2.23,72.31
2.23,72.31
2.23,72.31
2.23,72.31
2.23,72.31
2.23,72.31
2.23,72.31
2.23,72.31
2.23,72.31
2.3,71.17
2.3,71.17
2.3,71.17
2.3,71.17
2.3,71.17
2.3,71.17
2.3,71.17
2.3,71.17
2.3,71.17
2.3,71.17
2.3,71.17
2.3,71.17
2.3,71.17
2.3,71.17
2.3,71.17
2.3,71.17
2.3,71.17
2.3,71.17
2.3,71.17
2.3,71.17
2.3,71.17
2.3,71.17
2.3,71.17
2.3,71.17
2.3,71.17
2.3,71.17
2.3,71.17
2.31,71.17
2.31,71.17
2.31,71.17
2.31,71.17
2.31,71.17
2.31,71.17
2.31,71.17
2.31,71.17
2.31,71.17
2.31,71.17
2.31,71.17
2.31,71.17
2.4,71.17
2.4,71.17
2.4,71.17
2.4,71.17
2.4,71.17
2.4,71.17
2.4,71.17
2.4,71.17
2.4,71.17
2.4,71.17
2.4,71.17
2.4,71.17
2.4,71.17
2.4,71.17
2.4,71.17
2.4,71.17
2.4,71.17
2.4,71.17
2.41,71.17
2.41,71.17
2.41,71.17
2.41,71.17
2.41,71.17
2.41,71.17
2.41,71.17
2.41,71.17
2.41,71.17
2.41,71.17
2.41,71.17
2.41,71.17
2.41,71.17
2.41,71.17
2.41,71.17
2.41,71.17
2.42,71.17
2.42,71.17
2.42,71.17
2.42,71.17
2.42,71.17
2.52,69.51
2.52,69.51
2.52,69.51
2.52,69.51
2.52,69.51
2.52,69.51
2.52,69.51
2.52,69.51
2.52,69.51
2.52,69.51
2.52,69.51
2.52,69.51
2.52,69.51
2.52,69.51
2.52,69.51
2.52,69.51
2.52,69.51
2.52,69.51
2.52,69.51
2.52,69.51
2.52,69.51
2.52,69.51
2.52,69.51
2.52,69.51
2.52,69.51
2.53,69.51
2.53,69.51
2.53,69.51
2.53,69.51
2.53,69.51
2.53,69.51
2.53,69.51
2.53,69.51
2.53,69.51
2.53,69.51
2.53,69.51
2.53,69.51
2.53,69.51
2.53,69.51
2.6,66.62
2.6,66.62
2.6,66.62
2.6,66.62
2.6,66.62
2.61,66.62
2.61,66.62
2.61,66.62
2.61,66.62
2.61,66.62
2.61,66.62
2.61,66.62
2.61,66.62
2.61,66.62
2.61,66.62
2.61,66.62
2.61,66.62
2.61,66.62
2.61,66.62
2.61,66.62
2.61,66.62
2.61,66.62
2.61,66.62
2.61,66.62
2.62,66.62
2.62,66.62
2.62,66.62
2.62,66.62
2.62,66.62
2.62,66.62
2.62,66.62
2.62,66.62
2.62,66.62
2.62,66.62
2.62,66.62
2.62,66.62
2.62,66.62
2.62,66.62
2.62,66.62
2.7,62.87
2.7,62.87
2.7,62.87
2.7,62.87
2.7,62.87
2.7,62.87
2.7,62.87
2.7,62.87
2.7,62.87
2.7,62.87
2.7,62.87
2.7,62.87
2.7,62.87
2.71,62.87
2.71,62.87
2.71,62.87
2.71,62.87
2.71,62.87
2.71,62.87
2.71,62.87
2.71,62.87
2.71,62.87
2.71,62.87
2.71,62.87
2.71,62.87
2.71,62.87
2.71,62.87
2.71,62.87
2.71,62.87
2.71,62.87
2.71,62.87
2.71,62.87
2.71,62.87
2.71,62.87
2.71,62.87
2.71,62.87
2.71,62.87
2.71,62.87
2.71,62.87
2.8,56.48
2.8,56.48
2.8,56.48
2.8,56.48
2.8,56.48
2.8,56.48
2.8,56.48
2.8,56.48
2.8,56.48
2.8,56.48
2.8,56.48
2.8,56.48
2.8,56.48
2.81,56.48
2.81,56.48
2.81,56.48
2.81,56.48
2.81,56.48
2.81,56.48
2.81,56.48
2.81,56.48
2.81,56.48
2.81,56.48
2.81,56.48
2.81,56.48
2.81,56.48
2.81,56.48
2.81,56.48
2.81,56.48
2.81,56.48
2.81,56.48
2.81,56.48
2.81,56.48
2.81,56.48
2.81,56.48
2.81,56.48
2.81,56.48
2.81,56.48
2.81,56.48
2.9,53.29
2.9,53.29
2.9,53.29
2.9,53.29
2.9,53.29
2.9,53.29
2.9,53.29
2.9,53.29
2.9,53.29
2.9,53.29
2.9,53.29
2.91,53.29
2.91,53.29
2.91,53.29
2.91,53.29
2.91,53.29
2.91,53.29
2.91,53.29
2.91,53.29
2.91,53.29
2.91,53.29
2.91,53.29
2.91,53.29
2.91,53.29
2.91,53.29
2.91,53.29
2.91,53.29
2.91,53.29
2.91,53.29
2.91,53.29
2.91,53.29
2.91,53.29
2.91,53.29
2.92,53.29
2.92,53.29
2.92,53.29
2.92,53.29
2.92,53.29
2.92,53.29
3.0,52.25
3.0,52.25
3.0,52.25
3.0,52.25
3.0,52.25
3.0,52.25
3.0,52.25
3.0,52.25
3.0,52.25
3.0,52.25
3.0,52.25
3.0,52.25
3.0,52.25
3.0,52.25
3.0,52.25
3.0,52.25
3.0,52.25
3.0,52.25
3.0,52.25
3.0,52.25
3.0,52.25
3.0,52.25
3.0,52.25
3.0,52.25
3.0,52.25
3.0,52.25
3.0,52.25
3.01,52.25
3.01,52.25
3.01,52.25
3.01,52.25
3.01,52.25
3.01,52.25
3.01,52.25
3.01,52.25
3.01,52.25
3.01,52.25
3.01,52.25
3.01,52.25
3.1,48.51
3.1,48.51
3.1,48.51
3.1,48.51
3.1,48.51
3.1,48.51
3.1,48.51
3.1,48.51
3.1,48.51
3.1,48.51
3.1,48.51
3.1,48.51
3.1,48.51
3.1,48.51
3.1,48.51
3.1,48.51
3.11,48.51
3.11,48.51
3.11,48.51
3.11,48.51
3.11,48.51
3.11,48.51
3.11,48.51
3.11,48.51
3.11,48.51
3.11,48.51
3.11,48.51
3.11,48.51
3.11,48.51
3.11,48.51
3.11,48.51
3.11,48.51
3.11,48.51
3.11,48.51
3.11,48.51
3.11,48.51
3.11,48.51
3.11,48.51
3.11,48.51
3.21,45.74
3.21,45.74
3.21,45.74
3.21,45.74
3.21,45.74
3.21,45.74
3.21,45.74
3.21,45.74
3.21,45.74
3.21,45.74
3.21,45.74
3.21,45.74
3.21,45.74
3.21,45.74
3.21,45.74
3.21,45.74
3.21,45.74
3.21,45.74
3.22,45.74
3.22,45.74
3.22,45.74
3.22,45.74
3.22,45.74
3.22,45.74
3.22,45.74
3.22,45.74
3.22,45.74
3.22,45.74
3.22,45.74
3.22,45.74
3.22,45.74
3.22,45.74
3.22,45.74
3.22,45.74
3.22,45.74
3.22,45.74
3.22,45.74
3.22,45.74
3.23,45.74
3.32,44.31
3.33,44.31
3.33,44.31
3.33,44.31
3.33,44.31
3.33,44.31
3.33,44.31
3.33,44.31
3.33,44.31
3.33,44.31
3.33,44.31
3.33,44.31
3.33,44.31
3.33,44.31
3.33,44.31
3.33,44.31
3.33,44.31
3.33,44.31
3.33,44.31
3.33,44.31
3.33,44.31
3.33,44.31
3.33,44.31
3.33,44.31
3.33,44.31
3.33,44.31
3.33,44.31
3.33,44.31
3.34,44.31
3.34,44.31
3.34,44.31
3.34,44.31
3.34,44.31
3.34,44.31
3.34,44.31
3.34,44.31
3.34,44.31
3.34,44.31
3.34,44.31
3.4,42.95
3.4,42.95
3.41,42.95
3.41,42.95
3.41,42.95
3.41,42.95
3.41,42.95
3.41,42.95
3.41,42.95
3.41,42.95
3.41,42.95
3.41,42.95
3.41,42.95
3.41,42.95
3.41,42.95
3.41,42.95
3.41,42.95
3.41,42.95
3.41,42.95
3.41,42.95
3.41,42.95
3.41,42.95
3.41,42.95
3.41,42.95
3.41,42.95
3.42,42.95
3.42,42.95
3.42,42.95
3.42,42.95
3.42,42.95
3.42,42.95
3.42,42.95
3.42,42.95
3.42,42.95
3.42,42.95
3.42,42.95
3.42,42.95
3.42,42.95
3.42,42.95
3.51,38.77
3.51,38.77
3.51,38.77
3.51,38.77
3.51,38.77
3.51,38.77
3.51,38.77
3.51,38.77
3.51,38.77
3.51,38.77
3.51,38.77
3.51,38.77
3.51,38.77
3.51,38.77
3.51,38.77
3.51,38.77
3.51,38.77
3.51,38.77
3.51,38.77
3.51,38.77
3.51,38.77
3.51,38.77
3.52,38.77
3.52,38.77
3.52,38.77
3.52,38.77
3.52,38.77
3.52,38.77
3.52,38.77
3.52,38.77
3.52,38.77
3.52,38.77
3.52,38.77
3.52,38.77
3.52,38.77
3.52,38.77
3.52,38.77
3.52,38.77
3.52,38.77
3.61,36.97
3.61,36.97
3.61,36.97
3.61,36.97
3.61,36.97
3.61,36.97
3.61,36.97
3.61,36.97
3.61,36.97
3.61,36.97
3.62,36.97
3.62,36.97
3.62,36.97
3.62,36.97
3.62,36.97
3.62,36.97
3.62,36.97
3.62,36.97
3.62,36.97
3.62,36.97
3.62,36.97
3.62,36.97
3.62,36.97
3.62,36.97
3.62,36.97
3.62,36.97
3.62,36.97
3.62,36.97
3.62,36.97
3.62,36.97
3.62,36.97
3.63,36.97
3.63,36.97
3.63,36.97
3.63,36.97
3.63,36.97
3.63,36.97
3.63,36.97
3.63,36.97
3.69,35.65
3.7,35.65
3.7,35.65
3.7,35.65
3.7,35.65
3.7,35.65
3.7,35.65
3.7,35.65
3.7,35.65
3.7,35.65
3.7,35.65
3.7,35.65
3.7,35.65
3.7,35.65
3.7,35.65
3.7,35.65
3.7,35.65
3.7,35.65
3.7,35.65
3.7,35.65
3.7,35.65
3.7,35.65
3.7,35.65
3.7,35.65
3.7,35.65
3.7,35.65
3.71,35.65
3.71,35.65
3.71,35.65
3.71,35.65
3.71,35.65
3.71,35.65
3.71,35.65
3.71,35.65
3.71,35.65
3.71,35.65
3.71,35.65
3.71,35.65
3.71,35.65
3.8,31.62
3.8,31.62
3.8,31.62
3.8,31.62
3.8,31.62
3.8,31.62
3.8,31.62
3.8,31.62
3.8,31.62
3.8,31.62
3.8,31.62
3.8,31.62
3.8,31.62
3.8,31.62
3.8,31.62
3.8,31.62
3.8,31.62
3.8,31.62
3.8,31.62
3.8,31.62
3.8,31.62
3.8,31.62
3.8,31.62
3.8,31.62
3.8,31.62
3.8,31.62
3.8,31.62
3.81,31.62
3.81,31.62
3.81,31.62
3.81,31.62
3.81,31.62
3.81,31.62
3.81,31.62
3.81,31.62
3.81,31.62
3.81,31.62
3.81,31.62
3.81,31.62
3.91,24.72
3.91,24.72
3.91,24.72
3.91,24.72
3.91,24.72
3.91,24.72
3.91,24.72
3.91,24.72
3.91,24.72
3.91,24.72
3.91,24.72
3.91,24.72
3.92,24.72
3.92,24.72
3.92,24.72
3.92,24.72
3.92,24.72
3.92,24.72
3.92,24.72
3.92,24.72
3.92,24.72
3.92,24.72
3.92,24.72
3.92,24.72
3.92,24.72
3.92,24.72
3.92,24.72
3.92,24.72
3.92,24.72
3.92,24.72
3.92,24.72
3.92,24.72
3.92,24.72
3.92,24.72
3.92,24.72
3.92,24.72
3.92,24.72
3.92,24.72
3.92,24.72
4.0,24.12
4.0,24.12
4.01,24.12
4.01,24.12
4.01,24.12
4.01,24.12
4.01,24.12
4.01,24.12
4.01,24.12
4.01,24.12
4.01,24.12
4.01,24.12
4.01,24.12
4.01,24.12
4.01,24.12
4.01,24.12
4.01,24.12
4.01,24.12
4.01,24.12
4.01,24.12
4.01,24.12
4.01,24.12
4.01,24.12
4.01,24.12
4.01,24.12
4.01,24.12
4.01,24.12
4.01,24.12
4.01,24.12
4.01,24.12
4.02,24.12
4.02,24.12
4.02,24.12
4.02,24.12
4.02,24.12
4.02,24.12
4.02,24.12
4.02,24.12
4.02,24.12
4.1,23.02
4.1,23.02
4.1,23.02
4.1,23.02
4.1,23.02
4.1,23.02
4.1,23.02
4.1,23.02
4.1,23.02
4.1,23.02
4.1,23.02
4.1,23.02
4.1,23.02
4.1,23.02
4.1,23.02
4.1,23.02
4.1,23.02
4.1,23.02
4.1,23.02
4.11,23.02
4.11,23.02
4.11,23.02
4.11,23.02
4.11,23.02
4.11,23.02
4.11,23.02
4.11,23.02
4.11,23.02
4.11,23.02
4.11,23.02
4.11,23.02
4.11,23.02
4.11,23.02
4.11,23.02
4.11,23.02
4.11,23.02
4.11,23.02
4.11,23.02
4.11,23.02
4.2,21.14
4.2,21.14
4.2,21.14
4.2,21.14
4.2,21.14
4.2,21.14
4.2,21.14
4.2,21.14
4.2,21.14
4.2,21.14
4.2,21.14
4.21,21.14
4.21,21.14
4.21,21.14
4.21,21.14
4.21,21.14
4.21,21.14
4.21,21.14
4.21,21.14
4.21,21.14
4.21,21.14
4.21,21.14
4.21,21.14
4.21,21.14
4.21,21.14
4.21,21.14
4.21,21.14
4.21,21.14
4.21,21.14
4.21,21.14
4.21,21.14
4.21,21.14
4.21,21.14
4.21,21.14
4.21,21.14
4.21,21.14
4.21,21.14
4.21,21.14
4.21,21.14
4.31,20.06
4.31,20.06
4.31,20.06
4.31,20.06
4.31,20.06
4.31,20.06
4.31,20.06
4.31,20.06
4.31,20.06
4.31,20.06
4.31,20.06
4.31,20.06
4.31,20.06
4.31,20.06
4.31,20.06
4.31,20.06
4.31,20.06
4.31,20.06
4.31,20.06
4.31,20.06
4.31,20.06
4.31,20.06
4.32,20.06
4.32,20.06
4.32,20.06
4.32,20.06
4.32,20.06
4.32,20.06
4.32,20.06
4.32,20.06
4.32,20.06
4.32,20.06
4.32,20.06
4.32,20.06
4.32,20.06
4.32,20.06
4.32,20.06
4.32,20.06
4.32,20.06
