#Distance - Time Measurement: 40cycle/seconds
# Time, Distance
0.0,100.0
0.0,100.0
0.0,100.0
0.0,100.0
0.0,100.0
0.0,100.0
0.01,100.0
0.01,100.0
0.01,100.0
0.01,100.0
0.01,100.0
0.01,100.0
0.01,100.0
0.01,100.0
0.01,100.0
0.02,100.0
0.02,100.0
0.02,100.0
0.02,100.0
0.02,100.0
0.02,100.0
0.02,100.0
0.02,100.0
0.02,100.0
0.02,100.0
0.02,100.0
0.03,100.0
0.03,100.0
0.03,100.0
0.03,100.0
0.03,100.0
0.03,100.0
0.03,100.0
0.03,100.0
0.03,100.0
0.03,100.0
0.04,100.0
0.04,100.0
0.04,100.0
0.04,100.0
0.04,100.0
0.04,100.0
0.04,100.0
0.04,100.0
0.04,100.0
0.05,100.0
0.05,100.0
0.05,100.0
0.05,100.0
0.05,100.0
0.05,100.0
0.05,100.0
0.05,100.0
0.05,100.0
0.06,100.0
0.06,100.0
0.06,100.0
0.06,100.0
0.06,100.0
0.06,100.0
0.06,100.0
0.07,100.0
0.07,100.0
0.07,100.0
0.07,100.0
0.07,100.0
0.07,100.0
0.07,100.0
0.08,100.0
0.08,100.0
0.08,100.0
0.08,100.0
0.08,100.0
0.08,100.0
0.08,100.0
0.08,100.0
0.08,100.0
0.09,100.0
0.09,100.0
0.09,100.0
0.09,100.0
0.09,100.0
0.09,100.0
0.09,100.0
0.09,100.0
0.09,100.0
0.09,100.0
0.09,100.0
0.09,100.0
0.09,100.0
0.1,100.0
0.1,100.0
0.1,100.0
0.1,100.0
0.1,100.0
0.1,100.0
0.1,100.0
0.1,100.0
0.1,100.0
0.1,100.0
0.1,100.0
0.1,100.0
0.1,100.0
0.1,100.0
0.1,100.0
0.1,100.0
0.1,100.0
0.11,100.0
0.11,100.0
0.11,100.0
0.11,100.0
0.11,100.0
0.11,100.0
0.11,100.0
0.11,100.0
0.11,100.0
0.11,100.0
0.11,100.0
0.11,100.0
0.11,100.0
0.11,100.0
0.12,100.0
0.12,100.0
0.12,100.0
0.12,100.0
0.12,100.0
0.12,100.0
0.12,100.0
0.12,100.0
0.12,100.0
0.12,100.0
0.12,100.0
0.12,100.0
0.12,100.0
0.12,100.0
0.12,100.0
0.12,100.0
0.12,100.0
0.13,100.0
0.13,100.0
0.13,100.0
0.13,100.0
0.13,100.0
0.13,100.0
0.13,100.0
0.13,100.0
0.13,100.0
0.13,100.0
0.13,100.0
0.13,100.0
0.13,100.0
0.14,100.0
0.14,100.0
0.14,100.0
0.14,100.0
0.14,100.0
0.14,100.0
0.14,100.0
0.14,100.0
0.14,100.0
0.14,100.0
0.14,100.0
0.14,100.0
0.15,100.0
0.15,100.0
0.15,100.0
0.15,100.0
0.15,100.0
0.15,100.0
0.15,100.0
0.15,100.0
0.15,100.0
0.15,100.0
0.15,100.0
0.15,100.0
0.15,100.0
0.15,100.0
0.15,100.0
0.15,100.0
0.15,100.0
0.15,100.0
0.15,100.0
0.15,100.0
0.15,100.0
0.15,100.0
0.15,100.0
0.16,100.0
0.16,100.0
0.16,100.0
0.16,100.0
0.16,100.0
0.16,100.0
0.16,100.0
0.16,100.0
0.16,100.0
0.16,100.0
0.16,100.0
0.16,100.0
0.16,100.0
0.16,100.0
0.16,100.0
0.16,100.0
0.16,100.0
0.16,100.0
0.16,100.0
0.16,100.0
0.16,100.0
0.16,100.0
0.16,100.0
0.16,100.0
0.16,100.0
0.16,100.0
0.16,100.0
0.16,100.0
0.17,100.0
0.17,100.0
0.17,100.0
0.17,100.0
0.17,100.0
0.17,100.0
0.17,100.0
0.17,100.0
0.17,100.0
0.17,100.0
0.17,100.0
0.17,100.0
0.17,100.0
0.17,100.0
0.17,100.0
0.17,100.0
0.17,100.0
0.17,100.0
0.17,100.0
0.17,100.0
0.17,100.0
0.17,100.0
0.17,100.0
0.17,100.0
0.17,100.0
0.17,100.0
0.17,100.0
0.17,100.0
0.17,100.0
0.18,100.0
0.18,100.0
0.18,100.0
0.18,100.0
0.18,100.0
0.18,100.0
0.18,100.0
0.18,100.0
0.18,100.0
0.18,100.0
0.18,100.0
0.18,100.0
0.18,100.0
0.18,100.0
0.18,100.0
0.18,100.0
0.18,100.0
0.18,100.0
0.18,100.0
0.18,100.0
0.18,100.0
0.18,100.0
0.18,100.0
0.18,100.0
0.19,100.0
0.19,100.0
0.19,100.0
0.19,100.0
0.19,100.0
0.19,100.0
0.19,100.0
0.19,100.0
0.19,100.0
0.19,100.0
0.19,100.0
0.19,100.0
0.19,100.0
0.19,100.0
0.19,100.0
0.19,100.0
0.19,100.0
0.19,100.0
0.19,100.0
0.19,100.0
0.19,100.0
0.19,100.0
0.19,100.0
0.19,100.0
0.2,100.0
0.2,100.0
0.2,100.0
0.2,100.0
0.2,100.0
0.2,100.0
0.2,100.0
0.2,100.0
0.2,100.0
0.2,100.0
0.2,100.0
0.2,100.0
0.2,100.0
0.2,100.0
0.2,100.0
0.2,100.0
0.2,100.0
0.2,100.0
0.2,100.0
0.2,100.0
0.2,100.0
0.2,100.0
0.2,100.0
0.2,100.0
0.21,100.0
0.21,100.0
0.21,100.0
0.21,100.0
0.21,100.0
0.21,100.0
0.21,100.0
0.21,100.0
0.21,100.0
0.21,100.0
0.21,100.0
0.21,100.0
0.21,100.0
0.21,100.0
0.21,100.0
0.21,100.0
0.21,100.0
0.21,100.0
0.21,100.0
0.21,100.0
0.21,100.0
0.21,100.0
0.21,100.0
0.21,100.0
0.21,100.0
0.22,100.0
0.22,100.0
0.22,100.0
0.22,100.0
0.22,100.0
0.22,100.0
0.22,100.0
0.22,100.0
0.22,100.0
0.22,100.0
0.22,100.0
0.22,100.0
0.22,100.0
0.22,100.0
0.22,100.0
0.22,100.0
0.22,100.0
0.22,100.0
0.22,100.0
0.23,100.0
0.23,100.0
0.23,100.0
0.23,100.0
0.23,100.0
0.23,100.0
0.23,100.0
0.23,100.0
0.23,100.0
0.23,100.0
0.23,100.0
0.23,100.0
0.23,100.0
0.23,100.0
0.23,100.0
0.23,100.0
0.23,100.0
0.23,100.0
0.23,100.0
0.23,100.0
0.23,100.0
0.23,100.0
0.23,100.0
0.23,100.0
0.23,100.0
0.24,100.0
0.24,100.0
0.24,100.0
0.24,100.0
0.26,100.0
0.26,100.0
0.26,100.0
0.26,100.0
0.26,100.0
0.26,100.0
0.26,100.0
0.27,100.0
0.27,100.0
0.27,100.0
0.27,100.0
0.27,100.0
0.27,100.0
0.27,100.0
0.27,100.0
0.27,100.0
0.27,100.0
0.27,100.0
0.27,100.0
0.27,100.0
0.27,100.0
0.27,100.0
0.27,100.0
0.27,100.0
0.27,100.0
0.27,100.0
0.27,100.0
0.27,100.0
0.27,100.0
0.27,100.0
0.27,100.0
0.27,100.0
0.28,100.0
0.28,100.0
0.28,100.0
0.28,100.0
0.28,100.0
0.28,100.0
0.28,100.0
0.37,100.0
0.37,100.0
0.37,100.0
0.37,100.0
0.37,100.0
0.37,100.0
0.37,100.0
0.37,100.0
0.37,100.0
0.38,100.0
0.38,100.0
0.38,100.0
0.38,100.0
0.38,100.0
0.38,100.0
0.38,100.0
0.38,100.0
0.38,100.0
0.38,100.0
0.38,100.0
0.38,100.0
0.38,100.0
0.38,100.0
0.38,100.0
0.38,100.0
0.38,100.0
0.38,100.0
0.38,100.0
0.38,100.0
0.38,100.0
0.38,100.0
0.38,100.0
0.38,100.0
0.38,100.0
0.38,100.0
0.38,100.0
0.39,100.0
0.39,100.0
0.39,100.0
0.46,100.0
0.46,100.0
0.46,100.0
0.46,100.0
0.46,100.0
0.46,100.0
0.46,100.0
0.46,100.0
0.46,100.0
0.46,100.0
0.46,100.0
0.46,100.0
0.46,100.0
0.46,100.0
0.46,100.0
0.46,100.0
0.46,100.0
0.46,100.0
0.46,100.0
0.46,100.0
0.46,100.0
0.46,100.0
0.46,100.0
0.46,100.0
0.46,100.0
0.47,100.0
0.47,100.0
0.47,100.0
0.47,100.0
0.47,100.0
0.47,100.0
0.47,100.0
0.47,100.0
0.47,100.0
0.47,100.0
0.47,100.0
0.47,100.0
0.47,100.0
0.47,100.0
0.56,100.0
0.56,100.0
0.56,100.0
0.56,100.0
0.56,100.0
0.56,100.0
0.56,100.0
0.56,100.0
0.56,100.0
0.56,100.0
0.56,100.0
0.56,100.0
0.56,100.0
0.56,100.0
0.56,100.0
0.56,100.0
0.56,100.0
0.56,100.0
0.56,100.0
0.56,100.0
0.56,100.0
0.56,100.0
0.56,100.0
0.56,100.0
0.56,100.0
0.56,100.0
0.56,100.0
0.56,100.0
0.57,100.0
0.57,100.0
0.57,100.0
0.57,100.0
0.57,100.0
0.57,100.0
0.57,100.0
0.57,100.0
0.57,100.0
0.57,100.0
0.57,100.0
0.66,100.0
0.66,100.0
0.66,100.0
0.66,100.0
0.66,100.0
0.66,100.0
0.66,100.0
0.66,100.0
0.66,100.0
0.66,100.0
0.66,100.0
0.66,100.0
0.66,100.0
0.66,100.0
0.66,100.0
0.67,100.0
0.67,100.0
0.67,100.0
0.67,100.0
0.67,100.0
0.67,100.0
0.67,100.0
0.67,100.0
0.67,100.0
0.67,100.0
0.67,100.0
0.67,100.0
0.67,100.0
0.67,100.0
0.67,100.0
0.67,100.0
0.67,100.0
0.67,100.0
0.67,100.0
0.67,100.0
0.67,100.0
0.67,100.0
0.67,100.0
0.67,100.0
0.73,100.0
0.73,100.0
0.74,100.0
0.74,100.0
0.74,100.0
0.74,100.0
0.74,100.0
0.74,100.0
0.74,100.0
0.74,100.0
0.74,100.0
0.74,100.0
0.74,100.0
0.74,100.0
0.74,100.0
0.74,100.0
0.74,100.0
0.74,100.0
0.74,100.0
0.74,100.0
0.74,100.0
0.74,100.0
0.74,100.0
0.74,100.0
0.74,100.0
0.74,100.0
0.74,100.0
0.74,100.0
0.74,100.0
0.74,100.0
0.74,100.0
0.75,100.0
0.75,100.0
0.75,100.0
0.75,100.0
0.75,100.0
0.75,100.0
0.75,100.0
0.75,100.0
0.84,99.77
0.85,99.77
0.85,99.77
0.85,99.77
0.85,99.77
0.85,99.77
0.85,99.77
0.85,99.77
0.85,99.77
0.85,99.77
0.85,99.77
0.85,99.77
0.85,99.77
0.85,99.77
0.85,99.77
0.85,99.77
0.85,99.77
0.85,99.77
0.85,99.77
0.85,99.77
0.85,99.77
0.85,99.77
0.85,99.77
0.85,99.77
0.85,99.77
0.85,99.77
0.85,99.77
0.85,99.77
0.86,99.77
0.86,99.77
0.86,99.77
0.86,99.77
0.86,99.77
0.86,99.77
0.86,99.77
0.86,99.77
0.86,99.77
0.86,99.77
0.86,99.77
0.94,96.6
0.94,96.6
0.95,96.6
0.95,96.6
0.95,96.6
0.95,96.6
0.95,96.6
0.95,96.6
0.95,96.6
0.95,96.6
0.95,96.6
0.95,96.6
0.95,96.6
0.95,96.6
0.95,96.6
0.95,96.6
0.95,96.6
0.95,96.6
0.95,96.6
0.95,96.6
0.95,96.6
0.95,96.6
0.95,96.6
0.95,96.6
0.95,96.6
0.95,96.6
0.95,96.6
0.95,96.6
0.95,96.6
0.95,96.6
0.95,96.6
0.96,96.6
0.96,96.6
0.96,96.6
0.96,96.6
0.96,96.6
0.96,96.6
0.96,96.6
0.96,96.6
1.02,94.15
1.02,94.15
1.02,94.15
1.02,94.15
1.02,94.15
1.02,94.15
1.02,94.15
1.02,94.15
1.02,94.15
1.02,94.15
1.02,94.15
1.02,94.15
1.02,94.15
1.02,94.15
1.02,94.15
1.02,94.15
1.02,94.15
1.02,94.15
1.02,94.15
1.02,94.15
1.02,94.15
1.02,94.15
1.03,94.15
1.03,94.15
1.03,94.15
1.03,94.15
1.03,94.15
1.03,94.15
1.03,94.15
1.03,94.15
1.03,94.15
1.03,94.15
1.03,94.15
1.03,94.15
1.03,94.15
1.03,94.15
1.03,94.15
1.03,94.15
1.03,94.15
1.13,87.95
1.14,87.95
1.14,87.95
1.14,87.95
1.14,87.95
1.14,87.95
1.14,87.95
1.14,87.95
1.14,87.95
1.14,87.95
1.14,87.95
1.14,87.95
1.14,87.95
1.14,87.95
1.14,87.95
1.14,87.95
1.14,87.95
1.14,87.95
1.14,87.95
1.14,87.95
1.14,87.95
1.14,87.95
1.14,87.95
1.14,87.95
1.14,87.95
1.15,87.95
1.15,87.95
1.15,87.95
1.15,87.95
1.15,87.95
1.15,87.95
1.15,87.95
1.15,87.95
1.15,87.95
1.15,87.95
1.15,87.95
1.15,87.95
1.15,87.95
1.15,87.95
1.23,87.95
1.23,87.95
1.23,87.95
1.24,87.95
1.24,87.95
1.24,87.95
1.24,87.95
1.24,87.95
1.24,87.95
1.24,87.95
1.24,87.95
1.24,87.95
1.24,87.95
1.24,87.95
1.24,87.95
1.24,87.95
1.24,87.95
1.24,87.95
1.24,87.95
1.24,87.95
1.24,87.95
1.24,87.95
1.24,87.95
1.24,87.95
1.24,87.95
1.24,87.95
1.24,87.95
1.24,87.95
1.24,87.95
1.25,87.95
1.25,87.95
1.25,87.95
1.25,87.95
1.25,87.95
1.25,87.95
1.25,87.95
1.25,87.95
1.25,87.95
1.25,87.95
1.34,76.75
1.34,76.75
1.34,76.75
1.34,76.75
1.34,76.75
1.34,76.75
1.34,76.75
1.34,76.75
1.34,76.75
1.34,76.75
1.34,76.75
1.34,76.75
1.34,76.75
1.34,76.75
1.34,76.75
1.34,76.75
1.34,76.75
1.34,76.75
1.35,76.75
1.35,76.75
1.35,76.75
1.35,76.75
1.35,76.75
1.35,76.75
1.35,76.75
1.35,76.75
1.35,76.75
1.35,76.75
1.35,76.75
1.35,76.75
1.35,76.75
1.35,76.75
1.35,76.75
1.35,76.75
1.35,76.75
1.35,76.75
1.35,76.75
1.35,76.75
1.35,76.75
1.43,76.2
1.43,76.2
1.43,76.2
1.43,76.2
1.43,76.2
1.43,76.2
1.43,76.2
1.43,76.2
1.43,76.2
1.43,76.2
1.43,76.2
1.43,76.2
1.43,76.2
1.43,76.2
1.43,76.2
1.43,76.2
1.43,76.2
1.43,76.2
1.44,76.2
1.44,76.2
1.44,76.2
1.44,76.2
1.44,76.2
1.44,76.2
1.44,76.2
1.44,76.2
1.44,76.2
1.44,76.2
1.44,76.2
1.44,76.2
1.44,76.2
1.44,76.2
1.44,76.2
1.44,76.2
1.44,76.2
1.44,76.2
1.44,76.2
1.44,76.2
1.44,76.2
1.56,70.42
1.56,70.42
1.56,70.42
1.56,70.42
1.56,70.42
1.56,70.42
1.56,70.42
1.56,70.42
1.56,70.42
1.56,70.42
1.56,70.42
1.56,70.42
1.56,70.42
1.56,70.42
1.56,70.42
1.56,70.42
1.57,70.42
1.57,70.42
1.57,70.42
1.57,70.42
1.57,70.42
1.57,70.42
1.57,70.42
1.57,70.42
1.57,70.42
1.57,70.42
1.57,70.42
1.57,70.42
1.57,70.42
1.57,70.42
1.57,70.42
1.57,70.42
1.57,70.42
1.57,70.42
1.57,70.42
1.57,70.42
1.57,70.42
1.57,70.42
1.57,70.42
1.64,67.72
1.64,67.72
1.64,67.72
1.64,67.72
1.64,67.72
1.64,67.72
1.64,67.72
1.64,67.72
1.65,67.72
1.65,67.72
1.65,67.72
1.65,67.72
1.65,67.72
1.65,67.72
1.65,67.72
1.65,67.72
1.65,67.72
1.65,67.72
1.65,67.72
1.65,67.72
1.65,67.72
1.65,67.72
1.65,67.72
1.65,67.72
1.65,67.72
1.65,67.72
1.65,67.72
1.65,67.72
1.65,67.72
1.65,67.72
1.65,67.72
1.65,67.72
1.66,67.72
1.66,67.72
1.66,67.72
1.66,67.72
1.66,67.72
1.66,67.72
1.66,67.72
1.75,61.12
1.75,61.12
1.75,61.12
1.75,61.12
1.75,61.12
1.75,61.12
1.75,61.12
1.75,61.12
1.75,61.12
1.75,61.12
1.75,61.12
1.75,61.12
1.75,61.12
1.75,61.12
1.75,61.12
1.75,61.12
1.75,61.12
1.75,61.12
1.75,61.12
1.75,61.12
1.75,61.12
1.75,61.12
1.75,61.12
1.75,61.12
1.75,61.12
1.75,61.12
1.76,61.12
1.76,61.12
1.76,61.12
1.76,61.12
1.76,61.12
1.76,61.12
1.76,61.12
1.76,61.12
1.76,61.12
1.76,61.12
1.76,61.12
1.76,61.12
1.76,61.12
1.86,59.76
1.86,59.76
1.86,59.76
1.86,59.76
1.86,59.76
1.86,59.76
1.86,59.76
1.86,59.76
1.86,59.76
1.86,59.76
1.86,59.76
1.87,56.53
1.87,56.53
1.87,56.53
1.87,56.53
1.87,56.53
1.87,56.53
1.87,56.53
1.87,56.53
1.87,56.53
1.87,56.53
1.87,56.53
1.87,56.53
1.87,56.53
1.87,56.53
1.87,56.53
1.87,56.53
1.87,56.53
1.88,56.53
1.88,56.53
1.88,56.53
1.88,56.53
1.88,56.53
1.88,56.53
1.88,56.53
1.88,56.53
1.88,56.53
1.88,56.53
1.88,56.53
1.96,54.44
1.96,54.44
1.96,54.44
1.96,54.44
1.96,54.44
1.96,54.44
1.96,54.44
1.96,54.44
1.96,54.44
1.96,54.44
1.96,54.44
1.96,54.44
1.96,54.44
1.97,54.44
1.97,54.44
1.97,54.44
1.97,54.44
1.97,54.44
1.97,54.44
1.97,54.44
1.97,54.44
1.97,54.44
1.97,54.44
1.97,54.44
1.97,54.44
1.97,54.44
1.97,54.44
1.97,54.44
1.97,54.44
1.97,54.44
1.97,54.44
1.97,54.44
1.97,54.44
1.97,54.44
1.98,54.44
1.98,54.44
1.98,54.44
1.98,54.44
1.98,54.44
2.04,51.13
2.04,51.13
2.04,51.13
2.04,51.13
2.04,51.13
2.04,51.13
2.04,51.13
2.04,51.13
2.04,51.13
2.04,51.13
2.04,51.13
2.04,51.13
2.04,51.13
2.05,51.13
2.05,51.13
2.05,51.13
2.05,51.13
2.05,51.13
2.05,51.13
2.05,51.13
2.05,51.13
2.05,51.13
2.05,51.13
2.05,51.13
2.05,51.13
2.05,51.13
2.05,51.13
2.05,51.13
2.05,51.13
2.05,51.13
2.05,51.13
2.05,51.13
2.05,51.13
2.05,51.13
2.05,51.13
2.05,51.13
2.05,51.13
2.05,51.13
2.05,51.13
2.14,45.25
2.14,45.25
2.14,45.25
2.14,45.25
2.14,45.25
2.14,45.25
2.14,45.25
2.14,45.25
2.14,45.25
2.14,45.25
2.14,45.25
2.14,45.25
2.15,45.25
2.15,45.25
2.15,45.25
2.15,45.25
2.15,45.25
2.15,45.25
2.15,45.25
2.15,45.25
2.15,45.25
2.15,45.25
2.15,45.25
2.15,45.25
2.15,45.25
2.15,45.25
2.15,45.25
2.15,45.25
2.15,45.25
2.15,45.25
2.15,45.25
2.15,45.25
2.15,45.25
2.15,45.25
2.15,45.25
2.15,45.25
2.15,45.25
2.15,45.25
2.15,45.25
2.27,41.21
2.27,41.21
2.27,41.21
2.27,41.21
2.27,41.21
2.27,41.21
2.27,41.21
2.27,41.21
2.27,41.21
2.27,41.21
2.27,41.21
2.27,41.21
2.27,41.21
2.27,41.21
2.27,41.21
2.27,41.21
2.27,41.21
2.27,41.21
2.27,41.21
2.27,41.21
2.28,41.21
2.28,41.21
2.28,41.21
2.28,41.21
2.28,41.21
2.28,41.21
2.28,41.21
2.28,41.21
2.28,41.21
2.28,41.21
2.28,41.21
2.28,41.21
2.28,41.21
2.28,41.21
2.28,41.21
2.28,41.21
2.28,41.21
2.28,41.21
2.28,41.21
2.35,37.08
2.35,37.08
2.35,37.08
2.35,37.08
2.35,37.08
2.35,37.08
2.35,37.08
2.35,37.08
2.35,37.08
2.35,37.08
2.36,37.08
2.36,37.08
2.36,37.08
2.36,37.08
2.36,37.08
2.36,37.08
2.36,37.08
2.36,37.08
2.36,37.08
2.36,37.08
2.36,37.08
2.36,37.08
2.36,37.08
2.36,37.08
2.36,37.08
2.36,37.08
2.36,37.08
2.36,37.08
2.36,37.08
2.36,37.08
2.36,37.08
2.36,37.08
2.36,37.08
2.36,37.08
2.37,37.08
2.37,37.08
2.37,37.08
2.37,37.08
2.37,37.08
2.45,32.36
2.45,32.36
2.46,32.36
2.46,32.36
2.46,32.36
2.46,32.36
2.46,32.36
2.46,32.36
2.46,32.36
2.46,32.36
2.46,32.36
2.46,32.36
2.46,32.36
2.46,32.36
2.46,32.36
2.46,32.36
2.46,32.36
2.46,32.36
2.46,32.36
2.46,32.36
2.46,32.36
2.46,32.36
2.46,32.36
2.46,32.36
2.46,32.36
2.46,32.36
2.46,32.36
2.46,32.36
2.46,32.36
2.46,32.36
2.46,32.36
2.47,32.36
2.47,32.36
2.47,32.36
2.47,32.36
2.47,32.36
2.47,32.36
2.47,32.36
2.47,32.36
2.56,29.96
2.56,29.96
2.56,29.96
2.56,29.96
2.56,29.96
2.56,29.96
2.56,29.96
2.56,29.96
2.56,29.96
2.56,29.96
2.56,29.96
2.56,29.96
2.56,29.96
2.56,29.96
2.56,29.96
2.56,29.96
2.56,29.96
2.56,29.96
2.56,29.96
2.56,29.96
2.57,29.96
2.57,29.96
2.57,29.96
2.57,29.96
2.57,29.96
2.57,29.96
2.57,29.96
2.57,29.96
2.57,29.96
2.57,29.96
2.57,29.96
2.57,29.96
2.57,29.96
2.57,29.96
2.57,29.96
2.57,29.96
2.57,29.96
2.57,29.96
2.57,29.96
2.67,25.18
2.67,25.18
2.67,25.18
2.67,25.18
2.67,25.18
2.67,25.18
2.67,25.18
2.67,25.18
2.67,25.18
2.67,25.18
2.67,25.18
2.67,25.18
2.67,25.18
2.67,25.18
2.67,25.18
2.67,25.18
2.68,25.18
2.68,25.18
2.68,25.18
2.68,25.18
2.68,25.18
2.68,25.18
2.68,25.18
2.68,25.18
2.68,25.18
2.68,25.18
2.68,25.18
2.68,25.18
2.68,25.18
2.68,25.18
2.68,25.18
2.68,25.18
2.68,25.18
2.68,25.18
2.68,25.18
2.68,25.18
2.68,25.18
2.68,25.18
2.68,25.18
2.75,22.99
2.75,22.99
2.75,22.99
2.75,22.99
2.75,22.99
2.75,22.99
2.75,22.99
2.75,22.99
2.75,22.99
2.75,22.99
2.75,22.99
2.75,22.99
2.75,22.99
2.75,22.99
2.75,22.99
2.75,22.99
2.75,22.99
2.75,22.99
2.75,22.99
2.75,22.99
2.75,22.99
2.75,22.99
2.76,22.99
2.76,22.99
2.76,22.99
2.76,22.99
2.76,22.99
2.76,22.99
2.76,22.99
2.76,22.99
2.76,22.99
2.76,22.99
2.76,22.99
2.76,22.99
2.76,22.99
2.76,22.99
2.76,22.99
2.76,22.99
2.76,22.99
