#Distance - Time Measurement: 45cycle/seconds
# Time, Distance
0.0,100.0
0.0,100.0
0.0,100.0
0.0,100.0
0.0,100.0
0.0,100.0
0.01,100.0
0.01,100.0
0.01,100.0
0.01,100.0
0.01,100.0
0.01,100.0
0.01,100.0
0.01,100.0
0.01,100.0
0.01,100.0
0.01,100.0
0.01,100.0
0.01,100.0
0.02,100.0
0.02,100.0
0.02,100.0
0.02,100.0
0.02,100.0
0.02,100.0
0.02,100.0
0.02,100.0
0.02,100.0
0.02,100.0
0.02,100.0
0.03,100.0
0.03,100.0
0.03,100.0
0.03,100.0
0.03,100.0
0.03,100.0
0.03,100.0
0.03,100.0
0.03,100.0
0.04,100.0
0.04,100.0
0.04,100.0
0.04,100.0
0.04,100.0
0.04,100.0
0.04,100.0
0.04,100.0
0.04,100.0
0.04,100.0
0.05,100.0
0.05,100.0
0.05,100.0
0.05,100.0
0.05,100.0
0.05,100.0
0.05,100.0
0.05,100.0
0.05,100.0
0.05,100.0
0.05,100.0
0.05,100.0
0.05,100.0
0.05,100.0
0.05,100.0
0.06,100.0
0.06,100.0
0.06,100.0
0.06,100.0
0.06,100.0
0.06,100.0
0.06,100.0
0.06,100.0
0.06,100.0
0.06,100.0
0.06,100.0
0.07,100.0
0.07,100.0
0.07,100.0
0.07,100.0
0.07,100.0
0.07,100.0
0.07,100.0
0.07,100.0
0.07,100.0
0.07,100.0
0.07,100.0
0.08,100.0
0.08,100.0
0.08,100.0
0.08,100.0
0.08,100.0
0.08,100.0
0.08,100.0
0.08,100.0
0.08,100.0
0.08,100.0
0.08,100.0
0.08,100.0
0.08,100.0
0.08,100.0
0.08,100.0
0.08,100.0
0.08,100.0
0.08,100.0
0.08,100.0
0.08,100.0
0.08,100.0
0.09,100.0
0.09,100.0
0.09,100.0
0.09,100.0
0.09,100.0
0.09,100.0
0.09,100.0
0.09,100.0
0.09,100.0
0.09,100.0
0.09,100.0
0.09,100.0
0.09,100.0
0.09,100.0
0.09,100.0
0.09,100.0
0.09,100.0
0.09,100.0
0.09,100.0
0.09,100.0
0.09,100.0
0.1,100.0
0.1,100.0
0.1,100.0
0.1,100.0
0.1,100.0
0.1,100.0
0.1,100.0
0.1,100.0
0.1,100.0
0.1,100.0
0.1,100.0
0.1,100.0
0.1,100.0
0.1,100.0
0.1,100.0
0.1,100.0
0.1,100.0
0.1,100.0
0.1,100.0
0.1,100.0
0.11,100.0
0.11,100.0
0.11,100.0
0.11,100.0
0.11,100.0
0.11,100.0
0.11,100.0
0.11,100.0
0.11,100.0
0.11,100.0
0.11,100.0
0.11,100.0
0.11,100.0
0.11,100.0
0.11,100.0
0.11,100.0
0.11,100.0
0.11,100.0
0.11,100.0
0.11,100.0
0.11,100.0
0.12,100.0
0.12,100.0
0.12,100.0
0.12,100.0
0.12,100.0
0.12,100.0
0.12,100.0
0.12,100.0
0.12,100.0
0.12,100.0
0.12,100.0
0.12,100.0
0.12,100.0
0.12,100.0
0.12,100.0
0.13,100.0
0.13,100.0
0.13,100.0
0.13,100.0
0.13,100.0
0.13,100.0
0.13,100.0
0.13,100.0
0.13,100.0
0.13,100.0
0.13,100.0
0.14,100.0
0.14,100.0
0.14,100.0
0.14,100.0
0.14,100.0
0.14,100.0
0.14,100.0
0.14,100.0
0.14,100.0
0.14,100.0
0.14,100.0
0.14,100.0
0.14,100.0
0.14,100.0
0.14,100.0
0.14,100.0
0.14,100.0
0.14,100.0
0.14,100.0
0.14,100.0
0.14,100.0
0.14,100.0
0.15,100.0
0.15,100.0
0.15,100.0
0.15,100.0
0.15,100.0
0.15,100.0
0.15,100.0
0.15,100.0
0.15,100.0
0.15,100.0
0.15,100.0
0.15,100.0
0.15,100.0
0.15,100.0
0.15,100.0
0.15,100.0
0.15,100.0
0.15,100.0
0.15,100.0
0.15,100.0
0.15,100.0
0.15,100.0
0.15,100.0
0.15,100.0
0.15,100.0
0.15,100.0
0.16,100.0
0.16,100.0
0.16,100.0
0.16,100.0
0.16,100.0
0.16,100.0
0.16,100.0
0.16,100.0
0.16,100.0
0.16,100.0
0.16,100.0
0.16,100.0
0.16,100.0
0.16,100.0
0.16,100.0
0.16,100.0
0.16,100.0
0.16,100.0
0.16,100.0
0.16,100.0
0.16,100.0
0.16,100.0
0.16,100.0
0.16,100.0
0.16,100.0
0.16,100.0
0.16,100.0
0.17,100.0
0.17,100.0
0.17,100.0
0.17,100.0
0.17,100.0
0.17,100.0
0.17,100.0
0.17,100.0
0.17,100.0
0.17,100.0
0.17,100.0
0.17,100.0
0.17,100.0
0.17,100.0
0.17,100.0
0.17,100.0
0.17,100.0
0.17,100.0
0.17,100.0
0.17,100.0
0.17,100.0
0.17,100.0
0.17,100.0
0.17,100.0
0.17,100.0
0.17,100.0
0.18,100.0
0.18,100.0
0.18,100.0
0.18,100.0
0.18,100.0
0.18,100.0
0.18,100.0
0.18,100.0
0.18,100.0
0.18,100.0
0.18,100.0
0.18,100.0
0.18,100.0
0.18,100.0
0.18,100.0
0.18,100.0
0.18,100.0
0.18,100.0
0.18,100.0
0.18,100.0
0.18,100.0
0.18,100.0
0.18,100.0
0.18,100.0
0.18,100.0
0.18,100.0
0.19,100.0
0.19,100.0
0.19,100.0
0.19,100.0
0.19,100.0
0.19,100.0
0.19,100.0
0.19,100.0
0.19,100.0
0.19,100.0
0.19,100.0
0.19,100.0
0.19,100.0
0.19,100.0
0.19,100.0
0.19,100.0
0.19,100.0
0.19,100.0
0.19,100.0
0.19,100.0
0.19,100.0
0.19,100.0
0.19,100.0
0.19,100.0
0.19,100.0
0.2,100.0
0.2,100.0
0.2,100.0
0.2,100.0
0.2,100.0
0.2,100.0
0.2,100.0
0.2,100.0
0.2,100.0
0.2,100.0
0.2,100.0
0.2,100.0
0.2,100.0
0.2,100.0
0.2,100.0
0.2,100.0
0.2,100.0
0.2,100.0
0.2,100.0
0.2,100.0
0.2,100.0
0.21,100.0
0.21,100.0
0.21,100.0
0.21,100.0
0.21,100.0
0.21,100.0
0.21,100.0
0.21,100.0
0.21,100.0
0.21,100.0
0.21,100.0
0.21,100.0
0.21,100.0
0.21,100.0
0.21,100.0
0.21,100.0
0.21,100.0
0.21,100.0
0.21,100.0
0.21,100.0
0.21,100.0
0.21,100.0
0.21,100.0
0.22,100.0
0.22,100.0
0.22,100.0
0.22,100.0
0.22,100.0
0.22,100.0
0.22,100.0
0.22,100.0
0.22,100.0
0.22,100.0
0.22,100.0
0.22,100.0
0.22,100.0
0.22,100.0
0.22,100.0
0.22,100.0
0.22,100.0
0.22,100.0
0.22,100.0
0.22,100.0
0.31,100.0
0.31,100.0
0.31,100.0
0.31,100.0
0.31,100.0
0.31,100.0
0.31,100.0
0.31,100.0
0.31,100.0
0.31,100.0
0.31,100.0
0.31,100.0
0.31,100.0
0.31,100.0
0.31,100.0
0.31,100.0
0.31,100.0
0.31,100.0
0.31,100.0
0.31,100.0
0.31,100.0
0.31,100.0
0.31,100.0
0.31,100.0
0.32,100.0
0.32,100.0
0.32,100.0
0.32,100.0
0.32,100.0
0.32,100.0
0.32,100.0
0.32,100.0
0.32,100.0
0.32,100.0
0.32,100.0
0.32,100.0
0.32,100.0
0.32,100.0
0.32,100.0
0.42,100.0
0.42,100.0
0.42,100.0
0.42,100.0
0.42,100.0
0.42,100.0
0.42,100.0
0.42,100.0
0.42,100.0
0.42,100.0
0.42,100.0
0.42,100.0
0.42,100.0
0.42,100.0
0.42,100.0
0.42,100.0
0.42,100.0
0.42,100.0
0.42,100.0
0.42,100.0
0.42,100.0
0.42,100.0
0.42,100.0
0.42,100.0
0.43,100.0
0.43,100.0
0.43,100.0
0.43,100.0
0.43,100.0
0.43,100.0
0.43,100.0
0.43,100.0
0.43,100.0
0.43,100.0
0.43,100.0
0.43,100.0
0.43,100.0
0.43,100.0
0.43,100.0
0.52,100.0
0.52,100.0
0.52,100.0
0.52,100.0
0.52,100.0
0.53,100.0
0.53,100.0
0.53,100.0
0.53,100.0
0.53,100.0
0.53,100.0
0.53,100.0
0.53,100.0
0.53,100.0
0.53,100.0
0.53,100.0
0.53,100.0
0.53,100.0
0.53,100.0
0.53,100.0
0.53,100.0
0.53,100.0
0.53,100.0
0.53,100.0
0.53,100.0
0.53,100.0
0.53,100.0
0.54,100.0
0.54,100.0
0.54,100.0
0.54,100.0
0.54,100.0
0.54,100.0
0.54,100.0
0.54,100.0
0.54,100.0
0.54,100.0
0.54,100.0
0.54,100.0
0.6,100.0
0.6,100.0
0.6,100.0
0.6,100.0
0.6,100.0
0.6,100.0
0.6,100.0
0.6,100.0
0.6,100.0
0.6,100.0
0.6,100.0
0.6,100.0
0.6,100.0
0.6,100.0
0.6,100.0
0.61,100.0
0.61,100.0
0.61,100.0
0.61,100.0
0.61,100.0
0.61,100.0
0.61,100.0
0.61,100.0
0.61,100.0
0.61,100.0
0.61,100.0
0.61,100.0
0.61,100.0
0.61,100.0
0.61,100.0
0.61,100.0
0.61,100.0
0.61,100.0
0.61,100.0
0.61,100.0
0.61,100.0
0.61,100.0
0.61,100.0
0.61,100.0
0.71,100.0
0.71,100.0
0.71,100.0
0.71,100.0
0.71,100.0
0.71,100.0
0.71,100.0
0.71,100.0
0.71,100.0
0.71,100.0
0.71,100.0
0.71,100.0
0.71,100.0
0.71,100.0
0.71,100.0
0.71,100.0
0.71,100.0
0.72,100.0
0.72,100.0
0.72,100.0
0.72,100.0
0.72,100.0
0.72,100.0
0.72,100.0
0.72,100.0
0.72,100.0
0.72,100.0
0.72,100.0
0.72,100.0
0.72,100.0
0.72,100.0
0.72,100.0
0.72,100.0
0.72,100.0
0.72,100.0
0.72,100.0
0.72,100.0
0.72,100.0
0.72,100.0
0.83,100.0
0.83,100.0
0.83,100.0
0.83,100.0
0.83,100.0
0.83,100.0
0.83,100.0
0.83,100.0
0.83,100.0
0.83,100.0
0.83,100.0
0.83,100.0
0.83,100.0
0.83,100.0
0.83,100.0
0.83,100.0
0.83,100.0
0.83,100.0
0.84,100.0
0.84,100.0
0.84,100.0
0.84,100.0
0.84,100.0
0.84,100.0
0.84,100.0
0.84,100.0
0.84,100.0
0.84,100.0
0.84,100.0
0.84,100.0
0.84,100.0
0.84,100.0
0.84,100.0
0.84,100.0
0.84,100.0
0.84,100.0
0.84,100.0
0.84,100.0
0.84,100.0
0.92,100.0
0.92,100.0
0.92,100.0
0.92,100.0
0.92,100.0
0.92,100.0
0.92,100.0
0.92,100.0
0.92,100.0
0.92,100.0
0.92,100.0
0.92,100.0
0.92,100.0
0.92,100.0
0.92,100.0
0.92,100.0
0.92,100.0
0.92,100.0
0.93,100.0
0.93,100.0
0.93,100.0
0.93,100.0
0.93,100.0
0.93,100.0
0.93,100.0
0.93,100.0
0.94,100.0
0.94,100.0
0.94,100.0
0.94,100.0
0.94,100.0
0.94,100.0
0.94,100.0
0.94,100.0
0.94,100.0
0.94,100.0
0.94,100.0
0.94,100.0
0.94,100.0
1.03,100.0
1.03,100.0
1.03,100.0
1.03,100.0
1.03,100.0
1.03,100.0
1.03,100.0
1.03,100.0
1.03,100.0
1.03,100.0
1.03,100.0
1.03,100.0
1.03,100.0
1.03,100.0
1.03,100.0
1.03,100.0
1.03,100.0
1.03,100.0
1.03,100.0
1.03,100.0
1.03,100.0
1.03,100.0
1.03,100.0
1.03,100.0
1.04,100.0
1.04,100.0
1.04,100.0
1.04,100.0
1.04,100.0
1.04,100.0
1.04,100.0
1.04,100.0
1.04,100.0
1.04,100.0
1.04,100.0
1.04,100.0
1.04,100.0
1.04,100.0
1.04,100.0
1.14,99.13
1.14,99.13
1.14,99.13
1.14,99.13
1.14,99.13
1.14,99.13
1.14,99.13
1.14,99.13
1.14,99.13
1.14,99.13
1.14,99.13
1.14,99.13
1.14,99.13
1.14,99.13
1.14,99.13
1.14,99.13
1.14,99.13
1.14,99.13
1.14,99.13
1.14,99.13
1.14,99.13
1.14,99.13
1.15,99.13
1.15,99.13
1.15,99.13
1.15,99.13
1.15,99.13
1.15,99.13
1.15,99.13
1.15,99.13
1.15,99.13
1.15,99.13
1.15,99.13
1.15,99.13
1.15,99.13
1.15,99.13
1.15,99.13
1.15,99.13
1.15,99.13
1.24,97.88
1.24,97.88
1.24,97.88
1.24,97.88
1.24,97.88
1.24,97.88
1.24,97.88
1.24,97.88
1.24,97.88
1.24,97.88
1.24,97.88
1.24,97.88
1.24,97.88
1.24,97.88
1.25,97.88
1.25,97.88
1.25,97.88
1.25,97.88
1.25,97.88
1.25,97.88
1.25,97.88
1.25,97.88
1.25,97.88
1.25,97.88
1.25,97.88
1.25,97.88
1.25,97.88
1.25,97.88
1.25,97.88
1.25,97.88
1.25,97.88
1.25,97.88
1.25,97.88
1.25,97.88
1.25,97.88
1.25,97.88
1.25,97.88
1.25,97.88
1.26,97.88
1.33,91.59
1.33,91.59
1.33,91.59
1.33,91.59
1.33,91.59
1.33,91.59
1.33,91.59
1.33,91.59
1.33,91.59
1.33,91.59
1.34,91.59
1.34,91.59
1.34,91.59
1.34,91.59
1.34,91.59
1.34,91.59
1.34,91.59
1.34,91.59
1.34,91.59
1.34,91.59
1.34,91.59
1.34,91.59
1.34,91.59
1.34,91.59
1.34,91.59
1.34,91.59
1.34,91.59
1.34,91.59
1.34,91.59
1.34,91.59
1.34,91.59
1.34,91.59
1.34,91.59
1.34,91.59
1.34,91.59
1.35,91.59
1.35,91.59
1.35,91.59
1.35,91.59
1.44,85.8
1.44,85.8
1.44,85.8
1.44,85.8
1.44,85.8
1.44,85.8
1.44,85.8
1.44,85.8
1.44,85.8
1.44,85.8
1.44,85.8
1.44,85.8
1.44,85.8
1.44,85.8
1.44,85.8
1.44,85.8
1.45,85.8
1.45,85.8
1.45,85.8
1.45,85.8
1.45,85.8
1.45,85.8
1.45,85.8
1.45,85.8
1.45,85.8
1.45,85.8
1.45,85.8
1.45,85.8
1.45,85.8
1.45,85.8
1.45,85.8
1.45,85.8
1.45,85.8
1.45,85.8
1.45,85.8
1.45,85.8
1.45,85.8
1.45,85.8
1.45,85.8
1.56,82.41
1.56,82.41
1.56,82.41
1.56,82.41
1.56,82.41
1.56,82.41
1.56,82.41
1.56,82.41
1.56,82.41
1.56,82.41
1.56,82.41
1.56,82.41
1.56,82.41
1.56,82.41
1.56,82.41
1.56,82.41
1.56,82.41
1.57,82.41
1.57,82.41
1.57,82.41
1.57,82.41
1.57,82.41
1.57,82.41
1.57,82.41
1.57,82.41
1.57,82.41
1.57,82.41
1.57,82.41
1.57,82.41
1.57,82.41
1.57,82.41
1.57,82.41
1.57,82.41
1.57,82.41
1.57,82.41
1.57,82.41
1.57,82.41
1.57,82.41
1.57,82.41
1.66,78.88
1.66,78.88
1.66,78.88
1.66,78.88
1.66,78.88
1.66,78.88
1.66,78.88
1.66,78.88
1.66,78.88
1.66,78.88
1.66,78.88
1.66,78.88
1.66,78.88
1.66,78.88
1.66,78.88
1.66,78.88
1.66,78.88
1.66,78.88
1.66,78.88
1.66,78.88
1.67,78.88
1.67,78.88
1.67,78.88
1.67,78.88
1.67,78.88
1.67,78.88
1.67,78.88
1.67,78.88
1.67,78.88
1.67,78.88
1.67,78.88
1.67,78.88
1.67,78.88
1.67,78.88
1.67,78.88
1.67,78.88
1.67,78.88
1.67,78.88
1.67,78.88
1.75,73.0
1.75,73.0
1.75,73.0
1.75,73.0
1.75,73.0
1.75,73.0
1.75,73.0
1.75,73.0
1.75,73.0
1.75,73.0
1.75,73.0
1.75,73.0
1.75,73.0
1.75,73.0
1.75,73.0
1.75,73.0
1.75,73.0
1.75,73.0
1.75,73.0
1.75,73.0
1.75,73.0
1.75,73.0
1.75,73.0
1.75,73.0
1.75,73.0
1.76,73.0
1.76,73.0
1.76,73.0
1.76,73.0
1.76,73.0
1.76,73.0
1.76,73.0
1.76,73.0
1.76,73.0
1.76,73.0
1.76,73.0
1.76,73.0
1.76,73.0
1.76,73.0
1.86,70.15
1.86,70.15
1.86,70.15
1.86,70.15
1.86,70.15
1.86,70.15
1.86,70.15
1.86,70.15
1.86,70.15
1.86,70.15
1.86,70.15
1.86,70.15
1.86,70.15
1.86,70.15
1.86,70.15
1.86,70.15
1.86,70.15
1.86,70.15
1.86,70.15
1.86,70.15
1.86,70.15
1.86,70.15
1.86,70.15
1.87,70.15
1.87,70.15
1.87,70.15
1.87,70.15
1.87,70.15
1.87,70.15
1.87,70.15
1.87,70.15
1.87,70.15
1.87,70.15
1.87,70.15
1.87,70.15
1.87,70.15
1.87,70.15
1.87,70.15
1.87,70.15
1.96,64.29
1.96,64.29
1.96,64.29
1.96,64.29
1.96,64.29
1.96,64.29
1.96,64.29
1.96,64.29
1.96,64.29
1.96,64.29
1.96,64.29
1.96,64.29
1.96,64.29
1.96,64.29
1.96,64.29
1.96,64.29
1.97,64.29
1.97,64.29
1.97,64.29
1.97,64.29
1.97,64.29
1.97,64.29
1.97,64.29
1.97,64.29
1.97,64.29
1.97,64.29
1.97,64.29
1.97,64.29
1.97,64.29
1.97,64.29
1.97,64.29
1.97,64.29
1.97,64.29
1.97,64.29
1.97,64.29
1.97,64.29
1.97,64.29
1.97,64.29
1.97,64.29
2.05,62.15
2.05,62.15
2.05,62.15
2.05,62.15
2.05,62.15
2.05,62.15
2.05,62.15
2.05,62.15
2.05,62.15
2.05,62.15
2.05,62.15
2.05,62.15
2.05,62.15
2.05,62.15
2.05,62.15
2.05,62.15
2.05,62.15
2.05,62.15
2.05,62.15
2.05,62.15
2.05,62.15
2.05,62.15
2.05,62.15
2.05,62.15
2.06,62.15
2.06,62.15
2.06,62.15
2.06,62.15
2.06,62.15
2.06,62.15
2.06,62.15
2.06,62.15
2.06,62.15
2.06,62.15
2.06,62.15
2.06,62.15
2.06,62.15
2.06,62.15
2.06,62.15
2.16,51.51
2.16,51.51
2.16,51.51
2.16,51.51
2.16,51.51
2.16,51.51
2.16,51.51
2.16,51.51
2.16,51.51
2.16,51.51
2.16,51.51
2.16,51.51
2.16,51.51
2.16,51.51
2.16,51.51
2.16,51.51
2.16,51.51
2.16,51.51
2.16,51.51
2.16,51.51
2.16,51.51
2.16,51.51
2.17,51.51
2.17,51.51
2.17,51.51
2.17,51.51
2.17,51.51
2.17,51.51
2.17,51.51
2.17,51.51
2.17,51.51
2.17,51.51
2.17,51.51
2.17,51.51
2.17,51.51
2.17,51.51
2.17,51.51
2.17,51.51
2.17,51.51
2.27,50.42
2.27,50.42
2.28,50.42
2.28,50.42
2.28,50.42
2.28,50.42
2.28,50.42
2.28,50.42
2.28,50.42
2.28,50.42
2.28,50.42
2.28,50.42
2.28,50.42
2.28,50.42
2.28,50.42
2.28,50.42
2.28,50.42
2.28,50.42
2.28,50.42
2.29,50.42
2.29,50.42
2.29,50.42
2.29,50.42
2.29,50.42
2.29,50.42
2.29,50.42
2.29,50.42
2.29,50.42
2.29,50.42
2.29,50.42
2.29,50.42
2.29,50.42
2.29,50.42
2.29,50.42
2.29,50.42
2.29,50.42
2.29,50.42
2.3,50.42
2.3,50.42
2.41,42.91
2.41,42.91
2.41,42.91
2.41,42.91
2.41,42.91
2.41,42.91
2.41,42.91
2.41,42.91
2.41,42.91
2.41,42.91
2.41,42.91
2.41,42.91
2.41,42.91
2.41,42.91
2.41,42.91
2.41,42.91
2.41,42.91
2.41,42.91
2.41,42.91
2.41,42.91
2.41,42.91
2.41,42.91
2.42,42.91
2.42,42.91
2.42,42.91
2.42,42.91
2.42,42.91
2.42,42.91
2.42,42.91
2.42,42.91
2.42,42.91
2.42,42.91
2.42,42.91
2.42,42.91
2.42,42.91
2.42,42.91
2.42,42.91
2.42,42.91
2.42,42.91
2.49,41.97
2.49,41.97
2.49,41.97
2.49,41.97
2.49,41.97
2.49,41.97
2.49,41.97
2.49,41.97
2.49,41.97
2.49,41.97
2.49,41.97
2.5,41.97
2.5,41.97
2.5,41.97
2.5,41.97
2.5,41.97
2.5,41.97
2.5,41.97
2.5,41.97
2.5,41.97
2.5,41.97
2.5,41.97
2.5,41.97
2.5,41.97
2.5,41.97
2.5,41.97
2.5,41.97
2.5,41.97
2.5,41.97
2.5,41.97
2.5,41.97
2.5,41.97
2.5,41.97
2.5,41.97
2.5,41.97
2.5,41.97
2.5,41.97
2.51,41.97
2.51,41.97
2.6,35.89
2.6,35.89
2.6,35.89
2.6,35.89
2.6,35.89
2.6,35.89
2.6,35.89
2.6,35.89
2.6,35.89
2.6,35.89
2.6,35.89
2.6,35.89
2.6,35.89
2.6,35.89
2.6,35.89
2.6,35.89
2.6,35.89
2.6,35.89
2.6,35.89
2.6,35.89
2.6,35.89
2.6,35.89
2.6,35.89
2.6,35.89
2.6,35.89
2.6,35.89
2.6,35.89
2.61,35.89
2.61,35.89
2.61,35.89
2.61,35.89
2.61,35.89
2.61,35.89
2.61,35.89
2.61,35.89
2.61,35.89
2.61,35.89
2.61,35.89
2.61,35.89
2.71,30.02
2.71,30.02
2.71,30.02
2.71,30.02
2.71,30.02
2.71,30.02
2.71,30.02
2.71,30.02
2.71,30.02
2.71,30.02
2.71,30.02
2.71,30.02
2.71,30.02
2.71,30.02
2.71,30.02
2.71,30.02
2.71,30.02
2.71,30.02
2.71,30.02
2.71,30.02
2.71,30.02
2.71,30.02
2.71,30.02
2.71,30.02
2.72,30.02
2.72,30.02
2.72,30.02
2.72,30.02
2.72,30.02
2.72,30.02
2.72,30.02
2.72,30.02
2.72,30.02
2.72,30.02
2.72,30.02
2.72,30.02
2.72,30.02
2.72,30.02
2.72,30.02
2.79,25.56
2.79,25.56
2.79,25.56
2.79,25.56
2.79,25.56
2.79,25.56
2.79,25.56
2.79,25.56
2.79,25.56
2.79,25.56
2.79,25.56
2.79,25.56
2.79,25.56
2.79,25.56
2.79,25.56
2.79,25.56
2.79,25.56
2.79,25.56
2.79,25.56
2.79,25.56
2.79,25.56
2.79,25.56
2.79,25.56
2.79,25.56
2.79,25.56
2.79,25.56
2.79,25.56
2.8,25.56
2.8,25.56
2.8,25.56
2.8,25.56
2.8,25.56
2.8,25.56
2.8,25.56
2.8,25.56
2.8,25.56
2.8,25.56
2.8,25.56
2.8,25.56
2.9,23.16
2.9,23.16
2.9,23.16
2.9,23.16
2.9,23.16
2.9,23.16
2.9,23.16
2.9,23.16
2.9,23.16
2.9,23.16
2.9,23.16
2.9,23.16
2.9,23.16
2.9,23.16
2.9,23.16
2.9,23.16
2.9,23.16
2.9,23.16
2.9,23.16
2.9,23.16
2.91,23.16
2.91,23.16
2.91,23.16
2.91,23.16
2.91,23.16
2.91,23.16
2.91,23.16
2.91,23.16
2.91,23.16
2.91,23.16
2.91,23.16
2.91,23.16
2.91,23.16
2.91,23.16
2.91,23.16
2.91,23.16
2.91,23.16
2.91,23.16
2.91,23.16
3.0,20.15
3.0,20.15
3.0,20.15
3.01,20.15
3.01,20.15
3.01,20.15
3.01,20.15
3.01,20.15
3.01,20.15
3.01,20.15
3.01,20.15
3.01,20.15
3.01,20.15
3.01,20.15
3.01,20.15
3.01,20.15
3.01,20.15
3.01,20.15
3.01,20.15
3.01,20.15
3.01,20.15
3.01,20.15
3.01,20.15
3.01,20.15
3.01,20.15
3.01,20.15
3.01,20.15
3.01,20.15
3.01,20.15
3.01,20.15
3.02,20.15
3.02,20.15
3.02,20.15
3.02,20.15
3.02,20.15
3.02,20.15
3.02,20.15
3.02,20.15
3.02,20.15
